       0 00000000 0084 fff4 0006      0    132    -12      6
       1 00000064 008c fff2 0006    100    140    -14      6
       2 000000c8 007a fff4 0000    200    122    -12      0
       3 00000140 0082 fff6 0006    320    130    -10      6
       4 000001b7 0086 fff6 0002    439    134    -10      2
       5 0000021c 007c fff6 0006    540    124    -10      6
       6 00000293 0082 fff6 0004    659    130    -10      4
       7 000002f8 008a fff6 0004    760    138    -10      4
       8 0000035c 0088 fff8 0004    860    136     -8      4
       9 000003c9 0086 fff6 0002    969    134    -10      2
      10 0000042e 0082 fff8 0006   1070    130     -8      6
      11 00000492 0084 fff6 0006   1170    132    -10      6
      12 000004ff 0084 fff4 0004   1279    132    -12      4
      13 00000564 0088 fff6 0002   1380    136    -10      2
      14 000005dc 0084 fff8 0004   1500    132     -8      4
      15 00000654 0086 fff6 0004   1620    134    -10      4
      16 000006cb 0080 fff2 fffe   1739    128    -14     -2
      17 0000072f 0084 fff6 0004   1839    132    -10      4
      18 0000079e 007e fff8 0002   1950    126     -8      2
      19 0000080b 008c fff8 0002   2059    140     -8      2
      20 00000870 007e fff8 0002   2160    126     -8      2
      21 000008d4 0086 fff8 0006   2260    134     -8      6
      22 0000094b 0086 fff2 0000   2379    134    -14      0
      23 000009b0 0080 fff6 0002   2480    128    -10      2
      24 00000a14 0082 fff6 0008   2580    130    -10      8
      25 00000a8c 0088 fff6 0004   2700    136    -10      4
      26 00000b03 0082 fff4 0002   2819    130    -12      2
      27 00000b72 007e fff4 0002   2930    126    -12      2
      28 00000bdf 0088 fff6 0002   3039    136    -10      2
      29 00000c43 0080 fff8 0004   3139    128     -8      4
      30 00000ca7 0088 fff8 0004   3239    136     -8      4
      31 00000d0b 008c fffa 0006   3339    140     -6      6
      32 00000d6f 0080 fffa 0002   3439    128     -6      2
      33 00000dd3 0088 fffa 0008   3539    136     -6      8
      34 00000e37 0086 fffa 0008   3639    134     -6      8
      35 00000e9c 0086 fff4 0000   3740    134    -12      0
      36 00000f00 0086 fff8 0008   3840    134     -8      8
      37 00000f77 0084 fff2 0004   3959    132    -14      4
      38 00000fdb 0088 fff4 0006   4059    136    -12      6
      39 0000103f 007e fff4 0002   4159    126    -12      2
      40 000010a3 0088 fff8 0004   4259    136     -8      4
      41 00001107 0088 fff8 0002   4359    136     -8      2
      42 0000116b 007c fff2 0002   4459    124    -14      2
      43 000011cf 0082 fff6 0006   4559    130    -10      6
      44 00001233 008a fff6 0002   4659    138    -10      2
      45 0000129b 0084 fff2 fffe   4763    132    -14     -2
      46 00001305 0086 fff2 0004   4869    134    -14      4
      47 0000136a 007a fff4 0002   4970    122    -12      2
      48 000013ce 0084 fff8 0002   5070    132     -8      2
      49 00001432 0084 fff6 0004   5170    132    -10      4
      50 00001496 0080 fff6 0002   5270    128    -10      2
      51 000014fa 0082 fff4 0004   5370    130    -12      4
      52 00001567 0080 fff6 0006   5479    128    -10      6
      53 000015cc 008a fffc 0002   5580    138     -4      2
      54 00001639 0080 fff8 0006   5689    128     -8      6
      55 0000169e 008a fffa 0002   5790    138     -6      2
      56 00001702 0088 fff6 0002   5890    136    -10      2
      57 00001779 0084 fff4 0004   6009    132    -12      4
      58 000017de 0082 fff4 0008   6110    130    -12      8
      59 0000184b 0084 fff8 0006   6219    132     -8      6
      60 000018b0 008a fff6 0006   6320    138    -10      6
      61 00001914 0084 fff8 0004   6420    132     -8      4
      62 00001978 0084 fff8 0004   6520    132     -8      4
      63 000019dc 0084 fff4 0006   6620    132    -12      6
      64 00001a40 0082 fff6 0000   6720    130    -10      0
      65 00001ab7 007c fff4 0008   6839    124    -12      8
      66 00001b25 0086 fff4 0000   6949    134    -12      0
      67 00001b89 0082 fff6 0006   7049    130    -10      6
      68 00001bee 0088 fff4 0004   7150    136    -12      4
      69 00001c52 0088 fff6 0002   7250    136    -10      2
      70 00001cca 0082 fffa 0006   7370    130     -6      6
      71 00001d2e 007e fff8 0008   7470    126     -8      8
      72 00001d92 0086 fffc 0004   7570    134     -4      4
      73 00001df6 0086 fff8 0004   7670    134     -8      4
      74 00001e5a 0084 fffa 0006   7770    132     -6      6
      75 00001ec8 0084 fff2 0004   7880    132    -14      4
      76 00001f36 0090 ffee 0002   7990    144    -18      2
      77 00001f9a 0082 fff2 fffe   8090    130    -14     -2
      78 00001ffe 0082 fff2 0004   8190    130    -14      4
      79 00002062 007e fff4 0002   8290    126    -12      2
      80 000020c6 0084 fff2 0004   8390    132    -14      4
      81 0000212a 0086 fff6 0008   8490    134    -10      8
      82 0000218e 0080 fff6 fffc   8590    128    -10     -4
      83 000021f2 0084 fff6 0004   8690    132    -10      4
      84 00002256 0084 fff6 0006   8790    132    -10      6
      85 000022c4 0086 fff4 0006   8900    134    -12      6
      86 0000233b 0086 fff8 0000   9019    134     -8      0
      87 000023a0 0086 fff8 0000   9120    134     -8      0
      88 00002404 007e fff8 0006   9220    126     -8      6
      89 00002468 0088 fff6 0002   9320    136    -10      2
      90 000024cc 0086 fff6 0000   9420    134    -10      0
      91 00002530 007e fff2 0002   9520    126    -14      2
      92 0000259d 0086 fff2 0004   9629    134    -14      4
      93 00002601 007e fff4 0006   9729    126    -12      6
      94 00002665 0088 fff4 0002   9829    136    -12      2
      95 000026ca 0082 fff6 0002   9930    130    -10      2
      96 0000272e 0080 fff2 0002  10030    128    -14      2
      97 00002792 0084 fff6 0002  10130    132    -10      2
      98 000027f6 008a fff4 0002  10230    138    -12      2
      99 0000285a 007c fff2 0006  10330    124    -14      6
     100 000028be 0084 fff4 0002  10430    132    -12      2
     101 00002924 0084 fff4 0004  10532    132    -12      4
     102 00002990 0084 fffa 0006  10640    132     -6      6
     103 00002a07 0080 fff4 0000  10759    128    -12      0
     104 00002a76 0084 fff4 0002  10870    132    -12      2
     105 00002ada 0084 fff6 fffc  10970    132    -10     -4
     106 00002b3e 0082 fff6 0004  11070    130    -10      4
     107 00002ba2 0086 fff4 0002  11170    134    -12      2
     108 00002c10 0086 fff4 0002  11280    134    -12      2
     109 00002c74 0086 fff6 0000  11380    134    -10      0
     110 00002cd8 0086 fff6 fffc  11480    134    -10     -4
     111 00002d3c 0084 fff6 0006  11580    132    -10      6
     112 00002da0 0088 fff8 0006  11680    136     -8      6
     113 00002e05 0084 fff6 0000  11781    132    -10      0
     114 00002e72 008a fff6 0002  11890    138    -10      2
     115 00002ee0 008a fff6 0006  12000    138    -10      6
     116 00002f58 007e fff4 0002  12120    126    -12      2
     117 00002fd0 0084 fffa 0004  12240    132     -6      4
     118 00003048 0086 fff4 0004  12360    134    -12      4
     119 000030ac 007c fff4 0002  12460    124    -12      2
     120 00003110 007e fff8 0006  12560    126     -8      6
     121 00003174 0086 fff2 0006  12660    134    -14      6
     122 000031eb 008a fffa 0000  12779    138     -6      0
     123 00003250 0080 fff8 000a  12880    128     -8     10
     124 000032c7 0086 fff4 0004  12999    134    -12      4
     125 0000332b 0082 fff2 0002  13099    130    -14      2
     126 00003390 0084 fff6 0004  13200    132    -10      4
     127 000033f4 0086 fff6 0006  13300    134    -10      6
     128 00003458 0082 fff8 fffe  13400    130     -8     -2
     129 000034c5 008a fff6 0002  13509    138    -10      2
     130 00003529 007e fff6 0000  13609    126    -10      0
     131 0000358e 0082 fff4 0006  13710    130    -12      6
     132 00003605 0086 fff8 0004  13829    134     -8      4
     133 0000366a 008a fffa 0004  13930    138     -6      4
     134 000036d8 0084 fff4 0002  14040    132    -12      2
     135 0000373c 0088 fff6 0004  14140    136    -10      4
     136 000037a0 0084 fff2 0006  14240    132    -14      6
     137 00003804 0086 fff2 0002  14340    134    -14      2
     138 00003868 0086 fff6 0002  14440    134    -10      2
     139 000038cc 007c fff4 0006  14540    124    -12      6
     140 00003932 0088 fff6 0006  14642    136    -10      6
     141 0000399d 0084 fff4 0008  14749    132    -12      8
     142 00003a01 0084 fff6 0000  14849    132    -10      0
     143 00003a65 0084 fff8 0004  14949    132     -8      4
     144 00003ac9 0082 fff4 0006  15049    130    -12      6
     145 00003b2e 0088 fff6 0002  15150    136    -10      2
     146 00003b92 0086 fff6 0002  15250    134    -10      2
     147 00003c09 0086 fff6 0004  15369    134    -10      4
     148 00003c6d 0088 fff4 0006  15469    136    -12      6
     149 00003cd1 007e fff6 0000  15569    126    -10      0
     150 00003d35 0084 fff8 0004  15669    132     -8      4
     151 00003d9a 0084 fff4 0006  15770    132    -12      6
     152 00003e07 0084 fff8 0006  15879    132     -8      6
     153 00003e6b 0086 fff2 0004  15979    134    -14      4
     154 00003ed9 0086 fff4 0000  16089    134    -12      0
     155 00003f3d 008a fff4 0004  16189    138    -12      4
     156 00003fa1 007a fff8 0002  16289    122     -8      2
     157 00004006 0088 fff6 0004  16390    136    -10      4
     158 0000407d 0084 fff6 fffe  16509    132    -10     -2
     159 000040e1 0082 fff6 0000  16609    130    -10      0
     160 00004145 0082 fff8 0008  16709    130     -8      8
     161 000041a9 008c fff6 0000  16809    140    -10      0
     162 0000420d 0088 fff4 0002  16909    136    -12      2
     163 0000427c 0084 fff0 fffe  17020    132    -16     -2
     164 000042f4 0082 fff4 0002  17140    130    -12      2
     165 00004358 008a fff6 0006  17240    138    -10      6
     166 000043cf 007e fff6 fffc  17359    126    -10     -4
     167 00004434 0082 fff6 0004  17460    130    -10      4
     168 00004498 0082 fff2 0008  17560    130    -14      8
     169 00004510 0084 fff8 0002  17680    132     -8      2
     170 00004574 0080 fff8 fffc  17780    128     -8     -4
     171 000045db 0084 fff8 0002  17883    132     -8      2
     172 00004646 0082 fff8 0004  17990    130     -8      4
     173 000046b3 0086 fff6 0000  18099    134    -10      0
     174 00004718 007e fff4 0006  18200    126    -12      6
     175 0000477c 0086 fff6 0002  18300    134    -10      2
     176 000047e0 0088 fff6 0000  18400    136    -10      0
     177 00004844 0080 fff6 0008  18500    128    -10      8
     178 000048a8 0086 fff4 0006  18600    134    -12      6
     179 0000490c 0086 fff6 0002  18700    134    -10      2
     180 00004970 007e fff6 0004  18800    126    -10      4
     181 000049de 0088 fff4 0000  18910    136    -12      0
     182 00004a42 007c fff4 0004  19010    124    -12      4
     183 00004ab0 0088 fff6 0002  19120    136    -10      2
     184 00004b14 0080 fff4 0008  19220    128    -12      8
     185 00004b78 0086 fffa 0000  19320    134     -6      0
     186 00004bdc 008e fff8 0000  19420    142     -8      0
     187 00004c40 0080 fff8 0008  19520    128     -8      8
     188 00004ca5 0088 fff8 0004  19621    136     -8      4
     189 00004d1b 007e fff4 0002  19739    126    -12      2
     190 00004d80 0086 fff4 0006  19840    134    -12      6
     191 00004ded 007e fff4 0002  19949    126    -12      2
     192 00004e52 0086 fff8 0006  20050    134     -8      6
     193 00004eb6 0084 fff6 0006  20150    132    -10      6
     194 00004f24 0088 fff6 0004  20260    136    -10      4
     195 00004f9c 007c fff8 0002  20380    124     -8      2
     196 00005013 0084 fff2 0004  20499    132    -14      4
     197 00005077 0086 fff4 0000  20599    134    -12      0
     198 000050db 0084 fff6 0002  20699    132    -10      2
     199 0000513f 0080 fff2 000a  20799    128    -14     10
     200 000051a3 0088 fff6 0002  20899    136    -10      2
     201 00005207 0088 fff6 0002  20999    136    -10      2
     202 0000526c 007c fff6 0004  21100    124    -10      4
     203 000052d0 0084 fff6 0004  21200    132    -10      4
     204 00005334 0088 fff6 0004  21300    136    -10      4
     205 00005398 0082 fff6 0004  21400    130    -10      4
     206 000053fc 0084 fff4 0000  21500    132    -12      0
     207 00005460 0088 fff6 0006  21600    136    -10      6
     208 000054ce 0088 fff6 fffe  21710    136    -10     -2
     209 00005532 008a fff6 0002  21810    138    -10      2
     210 0000559f 0086 fff4 fffe  21919    134    -12     -2
     211 00005603 0086 fff4 0002  22019    134    -12      2
     212 00005667 0080 fff6 0008  22119    128    -10      8
     213 000056cc 0084 fff6 0000  22220    132    -10      0
     214 00005730 0086 fff6 0002  22320    134    -10      2
     215 00005794 0080 fff4 000a  22420    128    -12     10
     216 000057f8 0086 fff4 0002  22520    134    -12      2
     217 0000585d 0086 fff6 0002  22621    134    -10      2
     218 000058d4 0086 fff6 0006  22740    134    -10      6
     219 0000594b 0082 fff4 0002  22859    130    -12      2
     220 000059ba 0080 fff4 000a  22970    128    -12     10
     221 00005a27 0086 fff8 0004  23079    134     -8      4
     222 00005a8b 0086 fff6 0006  23179    134    -10      6
     223 00005aef 0082 fff8 0004  23279    130     -8      4
     224 00005b53 0082 fff6 0008  23379    130    -10      8
     225 00005bb7 0086 fff6 0008  23479    134    -10      8
     226 00005c1c 0082 fff6 0000  23580    130    -10      0
     227 00005c93 007c fff8 0008  23699    124     -8      8
     228 00005cf7 008a fff6 0000  23799    138    -10      0
     229 00005d66 0080 fff4 000a  23910    128    -12     10
     230 00005ddd 008c fff8 0004  24029    140     -8      4
     231 00005e41 0080 fff8 0000  24129    128     -8      0
     232 00005eaf 0088 fff6 0002  24239    136    -10      2
     233 00005f13 007c fff4 000a  24339    124    -12     10
     234 00005f77 008a fff6 0004  24439    138    -10      4
     235 00005fdb 0088 fff6 fffc  24539    136    -10     -4
     236 0000603f 007e fff6 0008  24639    126    -10      8
     237 000060a3 0086 fff4 0000  24739    134    -12      0
     238 00006107 0086 fff6 0004  24839    134    -10      4
     239 0000616c 007a fff0 0008  24940    122    -16      8
     240 000061d0 0086 fff4 0002  25040    134    -12      2
     241 00006234 0088 fff4 0000  25140    136    -12      0
     242 00006298 007a fff4 0002  25240    122    -12      2
     243 000062fc 0084 fff4 0004  25340    132    -12      4
     244 00006369 007a fff4 0004  25449    122    -12      4
     245 000063cd 0088 fff6 0002  25549    136    -10      2
     246 00006431 0088 fff6 0000  25649    136    -10      0
     247 00006495 007e fff4 0006  25749    126    -12      6
     248 000064fa 0088 fff8 0004  25850    136     -8      4
     249 00006568 0084 fff6 000a  25960    132    -10     10
     250 000065d5 0086 fff8 0004  26069    134     -8      4
     251 00006639 0084 fff6 0008  26169    132    -10      8
     252 0000669e 0086 fff6 0000  26270    134    -10      0
     253 00006715 007a fff4 0006  26389    122    -12      6
     254 00006779 0086 fff4 0004  26489    134    -12      4
     255 000067dd 0088 fff6 0002  26589    136    -10      2
     256 00006841 007c fff4 0000  26689    124    -12      0
     257 000068a5 0086 fff6 0004  26789    134    -10      4
     258 0000690a 0086 fff8 0002  26890    134     -8      2
     259 00006981 0084 fff4 0006  27009    132    -12      6
     260 000069e5 0086 fffa 0008  27109    134     -6      8
     261 00006a4a 008a fff4 0000  27210    138    -12      0
     262 00006aae 0080 fff8 0000  27310    128     -8      0
     263 00006b12 0082 fff4 0008  27410    130    -12      8
     264 00006b80 0082 fff2 0008  27520    130    -14      8
     265 00006be5 0086 fff4 0008  27621    134    -12      8
     266 00006c5c 0088 fff8 0002  27740    136     -8      2
     267 00006cd3 0084 fff6 0004  27859    132    -10      4
     268 00006d41 0080 fff4 0004  27969    128    -12      4
     269 00006daf 0088 fff4 0000  28079    136    -12      0
     270 00006e13 007e fff8 000a  28179    126     -8     10
     271 00006e77 008a fff8 0002  28279    138     -8      2
     272 00006edb 008c fff8 0002  28379    140     -8      2
     273 00006f3f 007e fff6 0006  28479    126    -10      6
     274 00006fa4 008a fff8 0002  28580    138     -8      2
     275 0000701b 0082 fff6 fffe  28699    130    -10     -2
     276 0000707f 0086 fff2 fffe  28799    134    -14     -2
     277 000070e3 0080 fff4 0008  28899    128    -12      8
     278 00007148 0082 fff2 0000  29000    130    -14      0
     279 000071c0 0080 fff4 0002  29120    128    -12      2
     280 00007238 0086 fff6 0006  29240    134    -10      6
     281 000072b0 0086 fff6 0002  29360    134    -10      2
     282 00007314 007e fff6 0006  29460    126    -10      6
     283 0000738b 0086 fffa 0006  29579    134     -6      6
     284 000073ef 0086 fff4 0000  29679    134    -12      0
     285 00007453 0086 fff6 0004  29779    134    -10      4
     286 000074c1 0082 fff6 0000  29889    130    -10      0
     287 00007525 0082 fff6 0002  29989    130    -10      2
     288 00007589 0088 fff2 0008  30089    136    -14      8
     289 000075ee 0084 fff4 0004  30190    132    -12      4
     290 00007652 0082 fff6 0002  30290    130    -10      2
     291 000076b6 0084 fff2 0008  30390    132    -14      8
     292 0000771a 0088 fff4 0000  30490    136    -12      0
     293 00007787 0084 fff4 0004  30599    132    -12      4
     294 000077eb 007e fff4 0002  30699    126    -12      2
     295 0000785a 0086 fff8 0006  30810    134     -8      6
     296 000078be 0082 fff6 fffe  30910    130    -10     -2
     297 00007922 0088 fffa 0004  31010    136     -6      4
     298 00007986 008a fff8 0004  31110    138     -8      4
     299 000079ea 007e fff8 0004  31210    126     -8      4
     300 00007a4e 0084 fff8 0004  31310    132     -8      4
     301 00007ab2 0088 fffa 0006  31410    136     -6      6
     302 00007b16 0080 fff6 0002  31510    128    -10      2
     303 00007b83 008c fff6 0006  31619    140    -10      6
     304 00007be7 0080 fff4 0002  31719    128    -12      2
     305 00007c4b 0086 fff8 0004  31819    134     -8      4
     306 00007cb9 007a fff4 0004  31929    122    -12      4
     307 00007d1e 008a fff4 0004  32030    138    -12      4
     308 00007d95 007e fff2 0000  32149    126    -14      0
     309 00007df9 0084 fffa 0002  32249    132     -6      2
     310 00007e5d 0082 fff8 000a  32349    130     -8     10
     311 00007ec1 0086 fff6 0000  32449    134    -10      0
     312 00007f26 0086 fffa 0004  32550    134     -6      4
     313 00007f93 0082 fff8 fffe  32659    130     -8     -2
     314 00007ff8 0086 fff8 0002  32760    134     -8      2
     315 00008070 0084 fff4 0002  32880    132    -12      2
     316 000080d4 0086 fff4 0002  32980    134    -12      2
     317 0000814c 0086 fff6 0004  33100    134    -10      4
     318 000081b0 0084 fff8 0006  33200    132     -8      6
     319 00008214 0080 fff6 0004  33300    128    -10      4
     320 00008278 0086 fff8 0004  33400    134     -8      4
     321 000082dc 0086 fff8 0004  33500    134     -8      4
     322 00008340 0080 fff4 0002  33600    128    -12      2
     323 000083a4 0086 fff8 0004  33700    134     -8      4
     324 00008408 0088 fff6 0004  33800    136    -10      4
     325 00008476 008a fff8 0002  33910    138     -8      2
     326 000084ee 008c fff4 0002  34030    140    -12      2
     327 00008552 0084 fff6 0000  34130    132    -10      0
     328 000085b6 0080 fff2 0008  34230    128    -14      8
     329 00008623 0084 fff4 0002  34339    132    -12      2
     330 00008687 0082 fff4 0006  34439    130    -12      6
     331 000086eb 0082 fff6 0000  34539    130    -10      0
     332 0000874f 0082 fff6 fffe  34639    130    -10     -2
     333 000087b4 007e fff6 0008  34740    126    -10      8
     334 0000882b 008a fff8 0002  34859    138     -8      2
     335 00008890 007c fff6 0006  34960    124    -10      6
     336 000088fe 0088 fff6 0002  35070    136    -10      2
     337 00008962 0082 fffa 0008  35170    130     -6      8
     338 000089c6 0086 fff6 fffe  35270    134    -10     -2
     339 00008a3e 0082 fff4 fffe  35390    130    -12     -2
     340 00008ab6 0082 fff8 000a  35510    130     -8     10
     341 00008b1a 008c fffa fffc  35610    140     -6     -4
     342 00008b7e 0088 fffa 0002  35710    136     -6      2
     343 00008be2 007e fff8 0008  35810    126     -8      8
     344 00008c46 008a fff6 0004  35910    138    -10      4
     345 00008caa 008a fffa 0002  36010    138     -6      2
     346 00008d0e 0080 fffa 0004  36110    128     -6      4
     347 00008d72 0088 fff8 0006  36210    136     -8      6
     348 00008dd6 0088 fffa 0002  36310    136     -6      2
     349 00008e3a 0080 fff6 0004  36410    128    -10      4
     350 00008e9e 0086 fff6 0002  36510    134    -10      2
     351 00008f02 008a fff8 0004  36610    138     -8      4
     352 00008f66 0082 fffa 0000  36710    130     -6      0
     353 00008fca 0086 fffa 0006  36810    134     -6      6
     354 0000902e 008c fff6 0000  36910    140    -10      0
     355 00009092 0084 fff6 fffe  37010    132    -10     -2
     356 00009100 0088 fff8 0004  37120    136     -8      4
     357 00009164 0082 fff8 0002  37220    130     -8      2
     358 000091c8 0084 fff6 0004  37320    132    -10      4
     359 0000922c 008c fff8 0006  37420    140     -8      6
     360 00009290 007e fff6 0004  37520    126    -10      4
     361 000092f5 0082 fff6 0008  37621    130    -10      8
     362 0000936b 008a fff4 0002  37739    138    -12      2
     363 000093cf 008a fff2 fffe  37839    138    -14     -2
     364 00009433 007c fff2 000a  37939    124    -14     10
     365 00009498 0086 fff4 0002  38040    134    -12      2
     366 0000950f 0080 fffa 0000  38159    128     -6      0
     367 00009574 0082 fff8 0006  38260    130     -8      6
     368 000095d8 0086 fffa 0004  38360    134     -6      4
     369 00009650 0084 fff4 0002  38480    132    -12      2
     370 000096b4 007c fff6 0004  38580    124    -10      4
     371 0000972c 0084 fff6 0004  38700    132    -10      4
     372 00009790 0082 fff8 fffe  38800    130     -8     -2
     373 000097fe 008a fff4 0004  38910    138    -12      4
     374 00009875 0084 fff8 0004  39029    132     -8      4
     375 000098e4 007e fff6 0000  39140    126    -10      0
     376 0000995c 0082 fffa 0006  39260    130     -6      6
     377 000099d3 0088 fff8 0008  39379    136     -8      8
     378 00009a37 0082 fff6 0000  39479    130    -10      0
     379 00009a9c 0084 fff8 0006  39580    132     -8      6
     380 00009b00 0088 fff2 0004  39680    136    -14      4
     381 00009b77 0086 fff4 0000  39799    134    -12      0
     382 00009be6 0088 fff8 0000  39910    136     -8      0
     383 00009c5d 007c fff6 0008  40029    124    -10      8
     384 00009cc2 008a fff4 0004  40130    138    -12      4
     385 00009d39 0086 fff6 0000  40249    134    -10      0
     386 00009d9e 0082 fff6 0006  40350    130    -10      6
     387 00009e16 0088 fff8 0004  40470    136     -8      4
     388 00009e8d 0082 fff4 fffe  40589    130    -12     -2
     389 00009ef1 0082 fff4 0004  40689    130    -12      4
     390 00009f55 0086 fff4 0006  40789    134    -12      6
     391 00009fba 0086 fff2 0002  40890    134    -14      2
     392 0000a031 0080 fff6 0006  41009    128    -10      6
     393 0000a096 0084 fff4 0004  41110    132    -12      4
     394 0000a10e 0084 fff8 fffe  41230    132     -8     -2
     395 0000a185 007e fff2 0008  41349    126    -14      8
     396 0000a1e9 0082 fff2 0006  41449    130    -14      6
     397 0000a24e 0084 fff6 0004  41550    132    -10      4
     398 0000a2c5 0086 fffa 0006  41669    134     -6      6
     399 0000a32a 008a fffa 0006  41770    138     -6      6
     400 0000a38e 0084 fff8 0000  41870    132     -8      0
     401 0000a408 007c fff6 0006  41992    124    -10      6
     402 0000a473 0086 fff6 0002  42099    134    -10      2
     403 0000a4d8 0080 fff4 0006  42200    128    -12      6
     404 0000a53c 0088 fff4 0002  42300    136    -12      2
     405 0000a5a0 0084 fff8 fffe  42400    132     -8     -2
     406 0000a604 007a fff4 0008  42500    122    -12      8
     407 0000a668 0086 fff4 0006  42600    134    -12      6
     408 0000a6cc 008a fff4 0002  42700    138    -12      2
     409 0000a739 0082 fff6 0004  42809    130    -10      4
     410 0000a79e 0088 fff6 0000  42910    136    -10      0
     411 0000a80b 0084 fffa fffc  43019    132     -6     -4
     412 0000a86f 0088 fffa 0000  43119    136     -6      0
     413 0000a8d3 0080 fff8 0006  43219    128     -8      6
     414 0000a937 0088 fff8 fffc  43319    136     -8     -4
     415 0000a99b 0086 fff8 0002  43419    134     -8      2
     416 0000aa00 0082 fff8 0004  43520    130     -8      4
     417 0000aa77 0086 fff4 0006  43639    134    -12      6
     418 0000aadb 0082 fff8 0000  43739    130     -8      0
     419 0000ab40 007e fff6 0004  43840    126    -10      4
     420 0000abad 007e fff2 0002  43949    126    -14      2
     421 0000ac12 0082 fff2 0004  44050    130    -14      4
     422 0000ac76 0086 fff2 0006  44150    134    -14      6
     423 0000acda 0080 fff2 0000  44250    128    -14      0
     424 0000ad47 0088 fff4 0002  44359    136    -12      2
     425 0000adac 007c fff4 0004  44460    124    -12      4
     426 0000ae10 0084 fff4 0004  44560    132    -12      4
     427 0000ae87 0084 fffa 0000  44679    132     -6      0
     428 0000aeeb 0084 fff8 0004  44779    132     -8      4
     429 0000af59 0082 fff6 fffe  44889    130    -10     -2
     430 0000afc2 0084 fffa 0002  44994    132     -6      2
     431 0000b036 0086 fff4 fffe  45110    134    -12     -2
     432 0000b0ae 0086 fffc fffe  45230    134     -4     -2
     433 0000b112 0084 fffc 0004  45330    132     -4      4
     434 0000b176 0088 fff8 0004  45430    136     -8      4
     435 0000b1da 0082 fffa 0002  45530    130     -6      2
     436 0000b23f 0088 fffa 0002  45631    136     -6      2
     437 0000b2ac 0082 fff6 0006  45740    130    -10      6
     438 0000b310 0088 fff4 0004  45840    136    -12      4
     439 0000b37d 007c fff6 0006  45949    124    -10      6
     440 0000b3eb 0086 fff6 0004  46059    134    -10      4
     441 0000b450 007e fff4 0006  46160    126    -12      6
     442 0000b4c8 008a fff8 0004  46280    138     -8      4
     443 0000b536 0088 fff6 0004  46390    136    -10      4
     444 0000b59a 008a fff8 0002  46490    138     -8      2
     445 0000b5fe 007e fff6 0006  46590    126    -10      6
     446 0000b662 0088 fff8 0004  46690    136     -8      4
     447 0000b6c6 008a fff8 0000  46790    138     -8      0
     448 0000b73e 007e fff2 0004  46910    126    -14      4
     449 0000b7a2 0082 fff2 000a  47010    130    -14     10
     450 0000b806 0084 fff2 0000  47110    132    -14      0
     451 0000b87e 007e fffa 0004  47230    126     -6      4
     452 0000b8f5 0082 fff6 000a  47349    130    -10     10
     453 0000b959 0088 fff8 0000  47449    136     -8      0
     454 0000b9bd 0086 fff6 0002  47549    134    -10      2
     455 0000ba21 0088 fff6 0006  47649    136    -10      6
     456 0000ba85 0086 fff8 0002  47749    134     -8      2
     457 0000bae9 0086 fff8 0000  47849    134     -8      0
     458 0000bb4e 0084 fff8 0008  47950    132     -8      8
     459 0000bbc6 0086 fff4 0002  48070    134    -12      2
     460 0000bc3d 0080 fffa 0004  48189    128     -6      4
     461 0000bca1 0084 fff8 0006  48289    132     -8      6
     462 0000bd05 0088 fff4 fffc  48389    136    -12     -4
     463 0000bd69 0082 fffa fffe  48489    130     -6     -2
     464 0000bdcd 0084 fff8 0006  48589    132     -8      6
     465 0000be31 008a fff6 0000  48689    138    -10      0
     466 0000be95 0084 fff8 0002  48789    132     -8      2
     467 0000befa 0072 fff6 0008  48890    114    -10      8
     468 0000bf71 008c fff8 0008  49009    140     -8      8
     469 0000bfd5 0080 fff4 0000  49109    128    -12      0
     470 0000c03a 0086 fff8 0008  49210    134     -8      8
     471 0000c09e 0088 fff6 0004  49310    136    -10      4
     472 0000c102 0082 fff4 fffe  49410    130    -12     -2
     473 0000c166 0084 fff8 0002  49510    132     -8      2
     474 0000c1dd 008a fff4 0006  49629    138    -12      6
     475 0000c242 0086 fff4 0000  49730    134    -12      0
     476 0000c2a7 0080 fff6 0008  49831    128    -10      8
     477 0000c314 0088 fffa 0002  49940    136     -6      2
     478 0000c38c 0088 fff8 0006  50060    136     -8      6
     479 0000c403 0082 fff4 0000  50179    130    -12      0
     480 0000c467 0086 fff6 0002  50279    134    -10      2
     481 0000c4cb 0082 fff6 0006  50379    130    -10      6
     482 0000c52f 0088 fff6 fffe  50479    136    -10     -2
     483 0000c593 0084 fff6 0000  50579    132    -10      0
     484 0000c5f7 0084 fff4 0006  50679    132    -12      6
     485 0000c65b 0086 fff2 0002  50779    134    -14      2
     486 0000c6c0 008a fff2 0002  50880    138    -14      2
     487 0000c738 0080 fff8 0008  51000    128     -8      8
     488 0000c79c 008a fff8 000a  51100    138     -8     10
     489 0000c813 0080 fff6 0002  51219    128    -10      2
     490 0000c877 007c fff0 0004  51319    124    -16      4
     491 0000c8db 008a fff4 0004  51419    138    -12      4
     492 0000c93f 008a fff2 0000  51519    138    -14      0
     493 0000c9a3 007c fff4 0002  51619    124    -12      2
     494 0000ca07 0086 fff2 0006  51719    134    -14      6
     495 0000ca6b 008c fff4 0000  51819    140    -12      0
     496 0000cacf 007c fff6 0006  51919    124    -10      6
     497 0000cb3d 0088 fff6 0000  52029    136    -10      0
     498 0000cba1 007c fff4 0004  52129    124    -12      4
     499 0000cc05 0086 fff2 0002  52229    134    -14      2
     500 0000cc69 008a fff6 0002  52329    138    -10      2
     501 0000cccd 007a fff4 0002  52429    122    -12      2
     502 0000cd31 0086 fff2 0004  52529    134    -14      4
     503 0000cd95 0086 fff4 0008  52629    134    -12      8
     504 0000cdf9 0080 fff2 0002  52729    128    -14      2
     505 0000ce5e 0084 fff4 0004  52830    132    -12      4
     506 0000ced5 008a fff8 0000  52949    138     -8      0
     507 0000cf39 0086 fff8 0004  53049    134     -8      4
     508 0000cf9d 0080 fff6 0008  53149    128    -10      8
     509 0000d002 008a fff8 0002  53250    138     -8      2
     510 0000d066 008a fffa 0000  53350    138     -6      0
     511 0000d0ca 007e fff6 0008  53450    126    -10      8
     512 0000d12e 0088 fffa 0006  53550    136     -6      6
     513 0000d1a6 0086 fff8 0000  53670    134     -8      0
     514 0000d20a 0084 fff6 0006  53770    132    -10      6
     515 0000d282 0082 fff4 0004  53890    130    -12      4
     516 0000d2f9 0084 fff6 0000  54009    132    -10      0
     517 0000d35d 0084 fff6 0004  54109    132    -10      4
     518 0000d3c1 0084 fff6 0008  54209    132    -10      8
     519 0000d425 0084 fff8 fffe  54309    132     -8     -2
     520 0000d489 0084 fffa 0004  54409    132     -6      4
     521 0000d4ed 0086 fff6 0006  54509    134    -10      6
     522 0000d551 0088 fff8 0000  54609    136     -8      0
     523 0000d5b5 0088 fff8 0000  54709    136     -8      0
     524 0000d61a 0082 fff6 0008  54810    130    -10      8
     525 0000d67e 0086 fff8 0000  54910    134     -8      0
     526 0000d6e2 0088 fffa 0002  55010    136     -6      2
     527 0000d759 0082 fff8 0006  55129    130     -8      6
     528 0000d7be 0088 fff6 0002  55230    136    -10      2
     529 0000d822 0084 fff8 0000  55330    132     -8      0
     530 0000d886 0084 fff6 0002  55430    132    -10      2
     531 0000d8ea 0082 fff6 0008  55530    130    -10      8
     532 0000d94e 0086 fff6 0000  55630    134    -10      0
     533 0000d9b2 0082 fff6 0002  55730    130    -10      2
     534 0000da16 0084 fff4 0006  55830    132    -12      6
     535 0000da83 0082 fff6 0006  55939    130    -10      6
     536 0000dae7 007e fff0 0004  56039    126    -16      4
     537 0000db4c 0086 fff6 0002  56140    134    -10      2
     538 0000dbc3 007c fff4 0006  56259    124    -12      6
     539 0000dc27 0088 fff4 0004  56359    136    -12      4
     540 0000dc8b 008a fff6 fffe  56459    138    -10     -2
     541 0000dcef 007e fff4 0002  56559    126    -12      2
     542 0000dd53 0084 fff4 0008  56659    132    -12      8
     543 0000ddb7 0086 fff6 0004  56759    134    -10      4
     544 0000de1b 007a fff4 0006  56859    122    -12      6
     545 0000de8a 008a fffa 0000  56970    138     -6      0
     546 0000df01 0086 fff8 0004  57089    134     -8      4
     547 0000df66 0084 fff4 000a  57190    132    -12     10
     548 0000dfca 0088 fff8 0000  57290    136     -8      0
     549 0000e02e 0084 fffa 0006  57390    132     -6      6
     550 0000e092 0088 fff6 0006  57490    136    -10      6
     551 0000e0f6 008a fff8 0002  57590    138     -8      2
     552 0000e15a 0084 fffa 0004  57690    132     -6      4
     553 0000e1be 0082 fff6 0006  57790    130    -10      6
     554 0000e235 0086 fff2 0000  57909    134    -14      0
     555 0000e29a 007e fff2 0004  58010    126    -14      4
     556 0000e312 008a fffa 000a  58130    138     -6     10
     557 0000e376 008c fff6 fffe  58230    140    -10     -2
     558 0000e3ed 007c fff6 0004  58349    124    -10      4
     559 0000e451 0088 fff8 0004  58449    136     -8      4
     560 0000e4b5 0088 fff8 0002  58549    136     -8      2
     561 0000e51a 0080 fff6 0002  58650    128    -10      2
     562 0000e591 007e fff4 000a  58769    126    -12     10
     563 0000e5f5 0086 fff2 0000  58869    134    -14      0
     564 0000e659 0084 fff8 0000  58969    132     -8      0
     565 0000e6bd 007c fff2 0006  59069    124    -14      6
     566 0000e721 0084 fff2 0000  59169    132    -14      0
     567 0000e785 0086 fff4 0002  59269    134    -12      2
     568 0000e7e9 007c fff2 0006  59369    124    -14      6
     569 0000e84e 0086 fff6 0006  59470    134    -10      6
     570 0000e8bb 0080 fff4 0004  59579    128    -12      4
     571 0000e91f 0086 fff8 0002  59679    134     -8      2
     572 0000e98d 0088 fff6 0004  59789    136    -10      4
     573 0000e9f1 0082 fff6 0002  59889    130    -10      2
     574 0000ea55 0084 fff8 0002  59989    132     -8      2
     575 0000eab9 0082 fff6 0004  60089    130    -10      4
     576 0000eb1e 0086 fff6 0000  60190    134    -10      0
     577 0000eb95 007c fff6 0004  60309    124    -10      4
     578 0000ebf9 0086 fff8 0004  60409    134     -8      4
     579 0000ec5d 008a fff6 0004  60509    138    -10      4
